0 4
2 4
3 2
5 1
6 8
7 11
8 16
9 20
10 15
11 12
12 29
13 28
14 32
15 31
16 55
17 46
18 34
19 69
20 60
21 100
22 104
23 123
24 124
25 153
26 190
27 208
28 255
29 235
30 281
31 290
32 264
33 419
34 429
35 348
36 434
37 447
38 484
39 500
40 609
41 613
42 663
43 558
44 715
45 760
46 829
47 852
48 852
49 931
50 871
51 963
52 1007
53 995
54 1132
55 1078
56 1160
57 1217
58 1128
59 1233
60 1256
61 1257
62 1200
63 1258
64 1363
65 1305
66 1140
67 1197
68 1375
69 1360
70 1238
71 1238
72 1235
73 1317
74 1291
75 1120
76 1238
77 1094
78 1140
79 1139
80 1192
81 1066
82 1051
83 1164
84 1006
85 1011
86 1003
87 873
88 827
89 926
90 994
91 900
92 872
93 680
94 682
95 728
96 694
97 627
98 553
99 626
100 502
101 529
102 517
103 456
104 419
105 450
106 544
107 363
108 352
109 437
110 339
111 324
112 358
113 253
114 292
115 179
116 213
117 222
118 154
119 217
120 197
121 161
122 148
123 147
124 166
125 112
126 154
127 94
128 77
129 102
130 89
131 69
132 74
133 65
134 52
135 58
136 67
137 45
138 59
139 71
140 28
141 37
142 19
143 44
144 47
145 24
146 36
147 26
148 29
149 11
150 3
151 13
152 15
153 12
154 17
156 2
157 8
158 6
159 3
160 8
161 2
162 5
163 10
164 8
165 6
166 3
168 1
169 5
170 4
171 5
172 6
